          dMMSEpre      dADLpre      dQOLpre na.rm
 [1,] -13.29874982  0.565789283           NA     1
 [2,] -17.85085969           NA           NA     1
 [3,]           NA  0.624047848           NA     1
 [4,]  -5.42330548           NA           NA     1
 [5,]  -5.82206765  0.056178889           NA     1
 [6,] -10.60398010           NA  0.005714632     1
 [7,]  -2.20980588           NA           NA     1
 [8,]           NA           NA -0.102560357     1
 [9,]  -8.02441920  0.876422572           NA     1
[10,] -13.29874982  0.580686256           NA     1
[11,]  -2.34987210  1.619543312           NA     1
[12,]  -1.26222078           NA           NA     1
[13,]  -7.22313518  0.079682384 -0.037342318     1
[14,]           NA  0.179843016           NA     1
[15,]  -1.64181040  2.107542759           NA     1
[16,]           NA  0.004773856 -0.038623983     1
[17,] -37.77710320  4.761904762           NA     1
[18,]  -3.86833270  1.010148582           NA     1
[19,]           NA  1.468701465           NA     1
[20,]           NA  1.556216979           NA     1
[21,]  -7.14363905  1.416362109           NA     1
[22,]  -4.63903973  1.147491595           NA     1
[23,]  -6.71556266           NA -0.131414765     1
[24,]           NA -0.051943672           NA     1
[25,]           NA  1.506634764           NA     1
[26,]  -6.32930034  2.309557209           NA     1
[27,]           NA  1.443515259           NA     1
[28,]  -5.27458287  0.383553633           NA     1
[29,]   1.38191222           NA           NA     1
[30,]  -9.09808062  0.073523667           NA     1
[31,]  -9.42504357 -0.035516177           NA     1
[32,]   0.11725014 -0.082619238           NA     1
[33,]   1.04038881  0.010424189           NA     1
[34,]  -0.72721140  2.290530522           NA     1
[35,]           NA  0.366735334           NA     1
[36,]           NA  1.197498011 -0.070653688     1
[37,]  -4.47427507           NA  0.168205843     1
[38,]  -1.77713120  0.390427000           NA     1
[39,] -12.43707478           NA  0.126244562     1
[40,]   0.46961297           NA           NA     1
[41,]  -0.90459362  1.799747110           NA     1
[42,] -15.98710421  2.119620294           NA     1
[43,]  -3.79491360           NA -0.031896439     1
[44,]   1.81524980  3.793760714           NA     1
[45,]  -7.46340233  0.677518877           NA     1
[46,]           NA  3.440729871           NA     1
[47,]  -2.86046619  1.604694131           NA     1
[48,] -11.16891225  0.111882750 -0.208402882     1
[49,]  -8.18195744  4.459723070  0.243239235     1
[50,] -10.04066296           NA -0.025070501     1
[51,] -16.61698702  0.699917174           NA     1
[52,]           NA  2.250716505           NA     1
[53,]  -3.52065367  2.782455168           NA     1
[54,]           NA -0.010513438           NA     1
[55,] -11.01362468  1.440192734           NA     1
[56,]           NA  0.925599976           NA     1
[57,]  -4.19000268           NA           NA     1
[58,] -19.15250145           NA           NA     1
[59,]           NA           NA -0.113237685     1
[60,]           NA  0.590698106           NA     1
[61,]  -4.06413311 -0.025808148           NA     1
[62,] -10.36600563  1.438155696           NA     1
[63,]  -8.22860700  1.344341894           NA     1
[64,]  -5.41039475  0.033656584           NA     1
[65,] -37.33634692           NA           NA     1
[66,]           NA  1.379513436           NA     1
[67,] -11.52866407  0.057916299           NA     1
[68,] -42.14356416  0.927513111           NA     1
[69,]  -8.02441920  0.876422572           NA     1
[70,]           NA           NA -0.108465229     1
[71,]   1.50958833  1.090203039           NA     1
[72,]   1.59872153  3.814243517           NA     1
[73,]  -7.47120258  0.963474775  0.028559774     1
[74,] -76.57636209  0.618745407           NA     1
[75,]   0.05256237  1.206166953           NA     1
[76,]   2.82054931 -0.147806008           NA     1
[77,]   1.19536249  4.223348227           NA     1
[78,]  -0.30183307  1.884945077           NA     1
[79,] -15.21882014  0.159285798 -0.046797919     1
[80,]  -6.05140241  0.041911170           NA     1
[81,]  -0.40284961  2.047058824           NA     1
[82,]  -5.19171689  0.133592295           NA     1
[83,]  -6.00698415           NA           NA     1
[84,] -18.37609590           NA           NA     1
[85,]  -1.09068799           NA           NA     1
[86,]  -2.19965248  4.346070181           NA     1
[87,] -47.51130733  0.917455140           NA     1
[88,]   1.45141575  3.923188750           NA     1
[89,] -12.20601021 -0.048579413           NA     1
          gMMSEpre      gADLpre      gQOLpre na.rm
 [1,] -12.44989345  0.529675073           NA     1
 [2,] -17.49620685           NA           NA     1
 [3,]           NA  0.617869157           NA     1
 [4,]  -5.38082528           NA           NA     1
 [5,]  -5.76590622  0.055636970           NA     1
 [6,] -10.53865784           NA  0.005679429     1
 [7,]  -2.18902401           NA           NA     1
 [8,]           NA           NA -0.101228404     1
 [9,]  -7.93288591  0.866425357           NA     1
[10,] -12.44989345  0.543621176           NA     1
[11,]  -2.31708319  1.596945033           NA     1
[12,]  -1.25534844           NA           NA     1
[13,]  -7.18984884  0.079315184 -0.037170233     1
[14,]           NA  0.178108196           NA     1
[15,]  -1.62674792  2.088207504           NA     1
[16,]           NA  0.004724641 -0.038225798     1
[17,] -37.41269384  4.715969989           NA     1
[18,]  -3.84089771  1.002984407           NA     1
[19,]           NA  1.457432656           NA     1
[20,]           NA  1.539483464           NA     1
[21,]  -7.05086451  1.397967796           NA     1
[22,]  -4.57879246  1.132589107           NA     1
[23,]  -6.58885394           NA -0.128935241     1
[24,]           NA -0.051244878           NA     1
[25,]           NA  1.489448816           NA     1
[26,]  -6.27812002  2.290881544           NA     1
[27,]           NA  1.428835443           NA     1
[28,]  -5.24098680  0.381110616           NA     1
[29,]   1.35925792           NA           NA     1
[30,]  -9.05061237  0.073140065           NA     1
[31,]  -9.31056935 -0.035084807           NA     1
[32,]   0.11561409 -0.081466412           NA     1
[33,]   1.03301016  0.010350258           NA     1
[34,]  -0.72085095  2.270496727           NA     1
[35,]           NA  0.363197694           NA     1
[36,]           NA  1.187262986 -0.070049810     1
[37,]  -4.43322668           NA  0.166662670     1
[38,]  -1.74799790  0.384026558           NA     1
[39,] -12.34164965           NA  0.125275934     1
[40,]   0.46223685           NA           NA     1
[41,]  -0.89427506  1.779217676           NA     1
[42,] -15.58406797  2.066184488           NA     1
[43,]  -3.76849889           NA -0.031674422     1
[44,]   1.76618900  3.691226640           NA     1
[45,]  -7.39812476  0.671593056           NA     1
[46,]           NA  3.404764054           NA     1
[47,]  -2.83485008  1.590323736           NA     1
[48,] -11.02386144  0.110429727 -0.205696351     1
[49,]  -8.12894260  4.430826376  0.241663171     1
[50,]  -9.91462953           NA -0.024755809     1
[51,] -16.40118199  0.690827341           NA     1
[52,]           NA  2.220437808           NA     1
[53,]  -3.48385242  2.753370271           NA     1
[54,]           NA -0.010448673           NA     1
[55,] -10.87059059  1.421488932           NA     1
[56,]           NA  0.912684628           NA     1
[57,]  -4.15612126           NA           NA     1
[58,] -18.98880486           NA           NA     1
[59,]           NA           NA -0.112897632     1
[60,]           NA  0.588585955           NA     1
[61,]  -4.01135216 -0.025472978           NA     1
[62,] -10.29385246  1.428145331           NA     1
[63,]  -8.18683742  1.337517824           NA     1
[64,]  -5.36518254  0.033375331           NA     1
[65,] -36.98522140           NA           NA     1
[66,]           NA  1.363777542           NA     1
[67,] -11.29961776  0.056765644           NA     1
[68,] -41.59624514  0.915467486           NA     1
[69,]  -7.93288591  0.866425357           NA     1
[70,]           NA           NA -0.107056590     1
[71,]   1.49573890  1.080201176           NA     1
[72,]   1.59112064  3.796109237           NA     1
[73,]  -7.37417397  0.950962116  0.028188868     1
[74,] -75.83768335  0.612776802           NA     1
[75,]   0.05222758  1.198484361           NA     1
[76,]   2.78572771 -0.145981243           NA     1
[77,]   1.17983830  4.168499548           NA     1
[78,]  -0.29946884  1.870180494           NA     1
[79,] -15.04522143  0.157468850 -0.046264103     1
[80,]  -5.96999341  0.041347342           NA     1
[81,]  -0.40102676  2.037796114           NA     1
[82,]  -5.11017160  0.131493987           NA     1
[83,]  -5.94589617           NA           NA     1
[84,] -18.01100790           NA           NA     1
[85,]  -1.07601506           NA           NA     1
[86,]  -2.18610226  4.319297674           NA     1
[87,] -46.65781079  0.900973910           NA     1
[88,]   1.43256619  3.872238246           NA     1
[89,] -11.96350669 -0.047614259           NA     1
